0.4169502557819547 0.07297374564187409 1.319884371160825 -2.066673595438016 0.8354111020679255 0.4515162763115541
9.30198500548509 -2.304245166538704 -0.9666240048485218 -1.306713606177657 -0.4206685862108943 0.9949177364446514
4.484448697681827 0.559501271905285 -1.491461702406766 -1.442987147532494 0.4852127646199461 0.6704269259832684
8.417512497212371 -1.710779763947689 1.094785167912282 -2.806274924425457 -2.700417035459164 0.8586768620357119
4.600136966066372 0.4625820754460428 1.989502156158565 0.9313209354841031 0.3554400961150886 1.0000000000631162
0.2125437350118475 -0.1906359080622503 -0.5957117346432158 -1.041622632491053 0.7314153304694962 0.35770308217295443
1.991581757196033 1.04198784230903 -1.569053702512688 0.04959587018077714 0.5625089515786664 0.5417005503021348
-0.1188806249255982 -0.1886600711983644 0.9081173772227308 0.3468988918961632 0.5912566299857236 0.48185815460327
0.6895008826217734 0.06792523603326787 -0.3973696491019595 0.3542927783750814 0.3673603023100396 0.471467234532569
0.2306249049994837 0.3638245911911554 -1.615219461014726 0.03556598663483256 0.8145571500701662 0.37538861813913815
0.2642937685677552 -0.5754376799260406 0.2754896927699637 0.5124790573820786 0.3002018330781914 0.45850802918401296
3.170289120143927 0.3343625080919255 0.1645006958156051 0.5617418613353518 -2.579584741072062 0.5834460304195096
2.491138398236159 -1.618858368426688 -1.345526753856855 -0.6632934688179725 -0.4553762574034962 0.42436359572589244
-0.9763999006672998 -0.1271019866914473 0.508785738780673 0.2312642491148092 -0.1211207045204779 0.33992897874181255
-0.07304149420390882 -0.1830246632346848 -0.4548975696092918 0.05751043463049292 -0.152836773907689 0.34965881791272624
0.6489483949219395 0.7927259530036803 -1.898363372245786 -0.3706534919390027 0.6019313316292795 0.3764922345187947
-0.4755565009073764 0.001037044678396624 -1.005574104011715 -0.2554688374875926 -0.04734985436633594 0.27672459173606684
0.04640918729091641 -0.6745156527913432 1.161031515910712 0.9661737160065846 -0.1543748087103396 0.4877468383842907
2.319845450325178 0.9726039871540868 0.04691973445732774 2.011972169263049 0.6498220932623855 0.770142272771128
-0.08759601217034238 0.194888762846199 -0.5365045906580982 0.2905014189837229 0.9197264247698764 0.42520301357736506
-0.08092335263260765 -0.028580157624805 0.4638889204856889 0.9364918822597779 -0.4469431868800239 0.4377670447477668
0.001970619748059053 0.1151328764057059 -1.133126751722924 0.4491660274421453 0.1066576866591788 0.3591641496825552
-0.8728973961779967 -0.3867408051785957 -0.3331830739080598 0.4881616167085572 0.04703528905065968 0.3128854827281178
-0.710612926081371 -0.2687967755215094 0.3417415094432563 1.414726489489705 0.9719354441434791 0.46859102472077496
-0.5213419828354852 -0.6644350994449633 -0.5288981133302658 0.22890232581701 -0.5419591119984756 0.2784074233662049
3.095282537599131 -2.766347111095469 -0.9604942307644976 0.5680800767051071 0.09229565374392024 0.5573455056114269
0.5160308356572001 0.671156241630421 -0.566367044247018 1.129933221948512 -0.4009243708055421 0.4631438788366267
2.01098265831861 1.362437472754996 -0.3202778682437312 2.397508661490127 0.4900717628614782 0.744282789218584
0.1252578385223192 -0.003071294104553585 -0.9146767357337731 0.6538428622820684 0.2533915951491927 0.3977862871934111
-1.019030163722213 -0.2509605982750795 -0.4810715196230629 0.6803915039194458 0.5011258044708945 0.3297936913739769
-1.257946814792375 -0.2083657661963625 -0.8920059230092289 0.000257539385848809 -0.03016398330132837 0.2220016247893142
-0.5814359204845597 -0.7600471104221267 -0.9046759371469496 -0.1964808056854995 -0.7689249673227572 0.21363953737127714
-1.297771731365254 -0.2076551239480489 -0.7217286188817966 0.06392863729799908 -0.1892683197374839 0.22334436251491177
-1.135812194931972 -0.2417757157394855 -1.555688509648544 -0.01928793530778673 0.599754015721982 0.22512396865369574
-1.026043983294956 -0.2435649334768986 -0.6157386646556194 0.5465641019390931 0.5135557692840422 0.31518569908682004
-0.8784874083418623 -0.2000849157532377 -0.7222771934999217 0.448296914060435 0.5009926324325763 0.3174826709402358
1.021315814075482 1.145375768277613 0.696187281025055 1.830961372261628 -1.153526617076384 0.5931417712018772
-1.339283841048303 -0.03372893296268491 -1.102974663390652 -0.4176733515382183 -0.8577742473726743 0.1415846330528586
-1.453026494082745 -0.1750770898146492 -0.08876426590026647 0.123739168578484 -0.8959770259775849 0.21335367413719555
-1.496227051994452 -0.1818716141371632 -0.3091574432580229 -0.02678666902429115 -0.8835767938696192 0.18913577453012692
0.8862920169527793 1.295482863660966 -1.933375639532745 0.07816682069616704 -1.384024110824182 0.32672122571957235
1.292421726952362 1.370780220253876 -1.918450084858078 -0.08029185303075038 -0.4027431951683557 0.4106806446799016
-0.8988843118306264 -0.2579279511402863 0.8625728379005905 1.351844547241532 0.1824376614626426 0.4375603892966071
-1.49544551986591 -0.1957917299822801 -0.9096016871730124 -0.2312718474140452 -0.6185492573357632 0.15676371894717936
-1.170515985251448 -0.2263865483745753 -1.408507338390645 -0.01607338831858615 0.4066503818410993 0.22106634208524945
-1.292565737502068 -0.1598129748127834 -0.2841916802192853 0.04723061791245641 -0.5019505938743569 0.23367981422978396
-1.370181778985657 -0.191880062080324 -0.5377716568578772 -0.00258508430208189 -0.4732496919948485 0.20969139170336595
-2.013686371831668 -0.06190867443121206 3.358155231363943 0.7036558021086965 -3.920735279520934 0.23956712696171314
4.598745362632815 -1.035803357430154 -1.881066627967076 0.2228992269726905 -2.023602700181102 0.5570497077270152
-1.50417182651766 -0.1560407757841042 -0.5123816536959741 -0.2782305030671013 -0.9132260706437988 0.16263400697131436
-0.8942167624628982 -0.3634011852510471 1.054243707505296 1.179128565048499 -0.526834114087765 0.39895463436493245
0.8074925187342725 -0.7227968129434063 -0.09868113162124723 1.008718199020134 0.359096390300497 0.5080238295212534
-1.295084639401535 -0.2030502074912119 -0.8415464274688825 -0.03474570936371422 -0.1515468056144965 0.2135570452471782
-1.390041609766937 -0.1877400708564089 0.2659120823631805 0.1279251728183037 -1.093288151533812 0.22924440927869724
-1.490922743816297 -0.1729677301239891 0.0683640614783152 0.1035289488771695 -1.037003436241597 0.21080799684119403
-1.452589037856215 -0.177124113556016 0.7616822250254988 0.5218328588930006 -1.192805400969899 0.26845593107514354
-0.8807627259120275 -0.2249389913362733 1.409124426459528 1.53873627150007 0.04894689762241256 0.4751835672999969
-1.260574246068206 -0.1449406161446267 -0.8367718817705047 -0.01316195299395326 -0.326894430075035 0.21033274820410788
-0.5128087311417093 -0.2044006107766072 0.7261507768923112 1.669531355461534 1.021693943808022 0.5267316233972302
-1.414772790422337 -0.2417389932114298 -0.805475537381863 -0.1919299485280785 -0.4102004747468804 0.18192800364540973
-1.548948110640668 -0.1578955494998377 -0.2595114905031917 -0.1530057357958432 -1.10736828207848 0.16965005514747386
-1.315058737811007 -0.1841519830883974 -1.123296711420712 -0.3448982042067317 -0.1478128897252707 0.17988697126615683
-0.9812285134388213 -0.2320560485122954 -1.707618946156118 -0.09817538109632405 0.9922793863264331 0.24715330381321324
-1.383554597701793 -0.1418023733788581 -0.9499206331363195 -0.2943086782709995 -0.5579199672643553 0.16595795789396856
-0.1973344362621454 -0.2091818377786086 -0.7699988337572872 0.1780447942964072 -0.3383418453090989 0.31521227212606245
-0.8727095952638965 -0.3812323021265114 -0.2040001443365294 0.4571549919836259 -0.1251277747570013 0.3098996187691806
-1.257037821264544 -0.2111690479742822 -1.270432301882922 -0.1762466863115217 0.1207688380827614 0.19851489329906474
-2.198786956277346 -0.06731696986250998 0.2342658284392604 -0.8843585968044428 -3.092248486616233 -1.1515202956238985e-11
-1.343042173063544 -0.1837617621359947 -0.3978005280854099 0.02000413751901314 -0.4846710841454354 0.22123609185115495
-1.011395053789378 -0.2531338674166496 0.08217564747208174 0.9985507075688309 0.3157865956562556 0.3703073967376193
1.362542025511179 0.9010032068292974 -0.7303014345933964 0.945860863165888 -1.171314710899395 0.4841219885178009
-1.193661351102502 -0.2054102620759837 0.5168604787015277 0.7519434988288708 -0.4114165490458122 0.3297757472098086
1.509732093032169 0.5044434689399335 -0.3214763453670427 1.199211210296846 -0.8784608681428855 0.5378996767590379
0.1769361091845081 0.7717265994096695 -1.574804317921996 0.06666961548721609 -0.8235005584591653 0.2989136651897529
-0.5516237923200252 -0.260896622427236 0.3224282479208897 1.489293697363623 1.318052425146052 0.5042191757447554
-0.7635502768406619 -0.3066539700978447 0.9914276457507427 1.358698874154895 -0.01475678147630709 0.44535806194873256
-0.9889411061279096 -0.320481748772019 -0.1199254955299789 0.3485093251676822 -0.3585236409759493 0.2884020226195681
-1.275061636035307 -0.2121002245108618 -1.314675707826408 -0.2013207663347821 0.09747195503228377 0.19171236504608472
-0.9648851650945246 -0.2644767067895042 0.1523409841448579 0.8570954189122684 0.2001627784243489 0.364754788419473
-0.2070033013274694 -0.3220749458167913 0.2925430815423307 1.345843697024312 0.3814690546572256 0.4729531656317568
-0.68884530579346 -0.2504044511397597 0.6051338104898056 0.9745891184846383 -0.4569739918623753 0.3870784226442076
-0.366517319846915 0.05528252403897992 -1.509750262950648 0.4427132729422658 0.8445178606219527 0.34185293911638254
-1.069086173320299 -0.2875720959179273 -1.067932782092495 -0.1742878930441714 -0.197019527809207 0.20771692308664502
-0.7714831519023576 -0.2643361869217784 0.725603065583467 1.550141386330911 0.6731195291248079 0.47707446119234165
0.9001105184554185 0.9827380651185081 -2.330411650671323 0.4763509013939048 0.3421349436237601 0.40809550081259555
0.7627145829397278 1.069011514603693 -0.6756228906240962 0.08593814615323264 -2.741749756642743 0.3108921940598394
-1.144972118959097 -0.2194210256535241 -0.5467334617976516 0.3286064305441281 0.138912127892456 0.27817794603445073
-0.9522512381697336 -0.2392720467333626 1.005765020144475 1.404457650940699 0.07175215198001833 0.43870327091622274
-1.105424013491474 -0.1860195617268386 -1.335088239558635 -0.3343128418513523 0.4296947266138019 0.21740701828007572
-0.9322205611508314 -0.2431740411100652 -0.2712229816096073 0.7729885618127754 0.6050936539827463 0.3605796885246621
-1.403947255806655 -0.1256751756435293 2.152899660050177 0.8675905175028834 -1.743047726244407 0.34540434509267437
-1.180822850038557 -0.2330700528965346 -1.043462373337686 0.1578692172199061 0.2783676784271805 0.2437213931567177
-1.162962461356421 -0.2082015969915579 -0.8609122538585161 0.1306451295469044 0.1686977630626549 0.24965642045446124
-0.1135634242971152 0.2004348013254281 -0.3425258196523311 0.4078666723196773 -1.066585926656176 0.3333549887047749
-1.266550005125055 -0.2064322125342758 -1.17678529772626 -0.1697203881241935 0.04999349786272216 0.19992699403424397
-0.262048483147119 -0.4165552669042585 -0.03467878571598065 1.372947399019208 1.140606438044688 0.48800855238960034
0.455589486725469 0.04791097308271162 -0.3431504628627081 1.034459244427662 -0.2517796697034405 0.4548212132167625
-1.610620611193995 -0.1736811056327492 -0.8883233594794759 -0.4561676016661316 -0.9607886691550558 0.11856870980898732
-1.582880873814154 -0.1616803085064825 -0.1233364948909757 -0.1349958431808629 -1.214409188141058 0.16981080801985088
2.519101769359038 0.7790464977003329 0.7960395920096155 3.112441953769569 0.4498350392450515 0.871915805346399
-1.695398175074752 -0.1336849923786622 0.4048967299236441 -0.07179234144208334 -1.768463979851478 0.16561176308957296
-0.5788834218822689 -0.1080237395852694 0.308877167059625 0.7401526156790624 -0.615338513532286 0.36297685725718054
-1.19853018675106 -0.1827317768288979 -0.774063208582241 -0.04589291394773387 -0.02018700812135956 0.23326171419475167
1.376886023228984 0.283300079633113 -0.6012641479726463 1.092931692859008 -0.6567666044576653 0.5091001092501638
-0.6376493880380347 -0.2636439758387862 -0.6063895868001785 0.5036635634037957 0.11458995363799 0.32560286936381644
-1.4137170901181 -0.1736761344168963 -0.1581344626704833 0.09606118157790206 -0.7816642684532891 0.2174799135066092
0.650502877014286 0.2754626778947707 0.553375584890483 2.100013365197036 -0.1242441279651525 0.5940973191051776
-1.248824892559241 -0.145676925851587 -0.431854939329514 -0.3559604511114146 -2.006994503368698 0.12720064890221291
-1.226613570242002 -0.2583874648838809 -1.003051790352643 0.3586355191147418 0.2279977919412567 0.24886120773951534
0.8386311520969363 0.7420141927607604 -0.4535066026286651 0.7313260143558022 -2.020714142045347 0.3926156390734595
-1.03262066988249 -0.1735781288837602 -0.7238928587363523 0.5926191582252481 0.2115908174331409 0.29637802092029264
-1.490259135751705 -0.1891954190711591 -0.566969145430439 0.03254736003103347 -0.7779711198580038 0.18277967835413697
0.1720001650044321 0.7736694573123147 -1.637265414291233 0.4097101341489172 -0.7023217607914195 0.31891629416591555
-0.1065552410632481 0.0620208322800217 -1.323411987095369 0.8168238499756294 0.6085489976234401 0.3825095105272486
2.245180187105405 -1.151193470983345 -0.5533670320758217 0.6413410274075636 -1.782728582930484 0.45967970233022737
-1.651759152287656 -0.2702832424543752 -0.6898633407133788 -0.3692770046279055 -1.463659819015785 0.10104876822364554
-0.06975409235673422 -0.4595819013015296 -0.1128615458070528 2.139186197851659 1.902288070016957 0.5793232400802985
-0.5956814480091852 0.3416901776387654 -1.167264128068572 -0.2239193592873433 -1.496410260690308 0.19045423584350757
-0.366169478705577 -0.2698228397885661 1.285549385365621 1.966585080331944 -0.1055341962732099 0.525318760388136
-1.180943616671926 -0.2502744750990061 0.1676668295153848 0.9339607659827196 -0.1232317784425305 0.33352811881183
1.51160683086559 -0.58706234642735 -1.3160657726055 0.2438039355825583 -1.166208743520684 0.38007131667442073
-0.6687519259927679 -0.4806372446403301 -0.6155513291249679 0.4943281105162699 -0.3063838364342649 0.29230200894996805
-0.5514120701622928 0.1868672300785371 -1.491704497591061 0.3329007353431039 -0.07543820242144401 0.2754188523386076
-1.102592965398157 -0.2442023828998299 -1.275122952270016 0.1650129668494179 0.5805090895803016 0.2531260033349665
0.5292014997385677 -0.1083318948109983 1.069684192587202 2.164587293768293 -0.4136875795889291 0.5898979074729128
-1.202719401022903 -0.2609301896420948 0.1544593521333436 1.001255830504471 -0.1390828013800045 0.3330745988851389
1.256202271694338 1.168217667757303 -2.108482633628624 1.090716714038629 0.2254725951177015 0.483687985859181
-0.9881156029999688 0.005628677902408286 -1.131132295532357 0.0768376213685087 -0.5387469531002131 0.2146430924917387
-1.416279543727245 -0.2223058838194903 -0.7777304404145358 0.157934201363942 -0.4180798255015692 0.2015431618031818
-0.8833004778481096 -0.4027580489537447 -0.2926993015616195 0.9757632995350531 0.2589739068946532 0.3502958898337127
1.583797661148295 1.394097384840442 -2.959363037988496 0.8013587902173268 0.3252424929759213 0.45939872243079205
-1.209885183286602 -0.2227849366268271 -1.020995106822175 0.1539074685071661 -0.2861513673295428 0.21211794520935076
-1.351237657218875 -0.234496830457584 0.09305660028716733 0.6810879177873874 -0.5414059402265785 0.2790144437455053
-1.386237367570959 -0.2284807077684987 0.4794880757552106 0.8853537651149408 -0.797390548229182 0.2958193038591173
-0.3338400421181624 0.1228640920991524 0.3605298586408445 -1.521398224441776 0.731163899980251 0.3518759883507819
0.4768132346216244 0.1281189868266807 2.44473911310875 0.3091951351024634 1.087288032806596 0.6609202146459099
-0.2811215922202329 0.2219882619332844 -0.1357906873778872 -1.816356428563901 0.6171379880718899 0.3087248414210213
-0.5659233205877361 0.1833618542558069 2.281907066233758 -1.045628894317463 -0.7155245845091794 0.3942386902759596
-0.5390578259097892 0.1717314887348233 0.4819032200575479 -1.954030558839952 0.06322260902070743 0.2843257135805075
-0.6740499974569599 0.1825868910447866 1.121345917024254 -1.706356407658065 -0.5360602402144693 0.29124950768695584
-0.5279587915573036 0.1593107772708542 1.274888612471762 -1.430902340883705 -0.1701086434903633 0.346442972780913
2.160126888224704 1.436459246640703 0.1310368306975961 -0.2170737876024625 0.9041419012347365 0.6752361245449174
-0.1698340635267077 0.1082352527094735 1.294504629836077 -0.8280544066610623 0.81157139959492 0.461488808392568
-0.1884411227387001 0.1014286249654964 1.529303955409561 -0.6592827457607326 0.6999082087978654 0.47626337072037894
-0.4635084979498302 0.09120911648972967 1.249768634857486 -1.518808820640111 -0.395467118864973 0.33181792823692274
1.287753464910446 0.8472513340618214 -0.8069328582739888 -1.384001122333281 0.8988216573131415 0.46386313440156707
0.6584647563586661 0.4010641614637365 1.56909458904784 -0.1519152248322279 0.9495795037194761 0.6021351914595159
0.6341727832252949 0.03969170513336796 -0.2747454884361145 -1.553561692127658 1.041358384777293 0.41178738538939685
1.151014485966302 1.90339748516752 2.630406607649555 -1.423149079314999 -4.065342743497678 0.41989546494837066
0.41251644824386 0.3895513117719024 1.632349992237936 -0.3836202350530732 0.5240407015653794 0.5490172283409688
1.712589062908315 1.874003380321179 -0.3909972983027585 -1.758614470739374 -1.674759455987983 0.4000421369348472
0.9865572904201731 0.7530182949071189 1.228736621581503 -0.4566936324002364 0.2234824634979566 0.566909181245491
0.6254407913034583 0.4171977708417399 0.4637902734975473 -0.7473215328296159 1.538109363098384 0.5350419866913335
-0.01357789340340206 0.09205510269145906 1.914937572242293 -0.2914825013889289 0.9948144063447003 0.5491768668289225
-0.2833998682689108 0.1217585340857268 1.961565328423561 -0.6429742681289762 0.2574584332371233 0.4712708289119734
0.7467305754402987 0.416285490096977 0.6079714442697669 -1.418728618685578 -0.5710137592484933 0.40598834504069053
-0.1572090601701576 0.250423948607234 0.3868878206360041 -1.685677516521318 0.1912077500202177 0.33542764516560064
-0.1255882629549309 0.09791141219434928 1.365916052521974 -0.6850517484089953 0.9186758204746635 0.4824382154731136
0.03122626065650913 0.307366361202105 1.608719933362869 -0.8718351012996541 -0.02172134175419268 0.456942216264779
-0.165276736662187 0.0968681514353671 0.7401362666713518 -1.062970186375621 1.032471745609917 0.42833914449073246
0.2886658348074062 0.1817264710050581 -0.01816780498783539 -1.553573337473901 0.657881345405856 0.3803735662972277
6.759363140703864 -1.487943898589139 0.08791769069859225 0.06767081165257242 0.5152312569935678 0.9801995142383229
-0.1569408695413165 0.2154015267374702 0.5817687871663678 -1.371863489584547 0.3605168559059117 0.37120559078859766
2.808920611592064 1.681948757823483 2.420820586012334 1.422797784737186 0.4848411365724915 0.9381425668639456
0.3317821139815665 0.01309979075452331 2.208142084714319 0.3467524351967822 1.667290449885541 0.6636683473007304
-0.2778355495850708 0.1188654963216168 0.0117671036583585 -1.602441159382436 0.9066936659433055 0.3411959470037007
-0.1479771670565306 0.09058264685437256 -0.2314101667684597 -1.47957935195514 1.481150789287029 0.3745648658514985
-0.1297430675263593 0.06793360389015668 1.158676728232844 -0.8818482569127464 0.8146041879373662 0.45306110556312756
0.6740391613975012 -0.1514210916982955 0.3880991016674716 -1.207128109310788 0.9917590718370597 0.4639616891777919
0.01684619554719463 0.06856509837395579 1.427508612408728 -0.4422600798522153 1.237798642617604 0.5274260292409267
0.5519429708786541 0.2241844216323554 -0.4304208675511573 -1.2603435573424 1.548093910790572 0.4434018028363419
-0.4676937128055988 0.1396899874474591 0.2962362090213099 -1.758594343634401 0.3919160164356006 0.30629069685617427
5.927457216639549 -0.7558014247003089 1.038802554724394 0.2788115065548994 -0.5234724964884807 0.9412345935956341
-0.1214545577346975 -0.04233636798338825 1.659564412683462 -1.429770823611785 -0.3788354280311534 0.3877241286117607
0.7013393345914133 -0.345610236306958 2.330719611053579 -0.5973963127933454 0.2369660833458266 0.5667343248607191
0.0887573506861959 0.1302593859428395 -0.04439164154313185 -1.511160433329041 1.842576696365569 0.42575654202847985
1.227906423406989 0.9637893271355676 0.04063664731589969 -2.071572648551597 0.9552970179167829 0.4807050735720871
0.1468282597458962 0.1133586804825422 0.4531122142372094 -1.691547030971333 1.297370917655316 0.4213657433762056
0.4107542640212448 0.2768181867944421 2.453216007760591 -1.582912931457321 0.4960448378762207 0.5314548667864312
0.4137207791325993 0.3004095507587247 0.4211625483547764 -2.100412387240985 0.7311158459232443 0.3973126024466303
-0.4638480466589257 0.127846897708875 0.312194557625275 -1.653306794930732 0.4289129278679166 0.3146007654725389
0.2271693753908801 0.04403306598976768 -0.5120908081904485 -1.602069881872692 1.19566345081228 0.3677230419541366
-0.2296209915485377 0.05451695747373232 0.7604297812099885 -1.079306116918423 0.6659905603928948 0.4019159279534363
0.08650453195010667 0.05558707217418066 0.794585503943279 -0.5384705675806303 1.751460851443324 0.5181924187820037
0.7698442974744347 -0.2574347022987498 1.411197197058655 -0.524221912443981 0.6746111651971464 0.5480108608100405
-0.4137877134003835 0.1280743272761382 2.376956382508656 -0.5413710720857212 -0.2220048716557499 0.46407524479959006
-0.1329048485900579 0.1026030049514976 1.41912790988705 -0.6983494977583891 0.8682390423803402 0.48171186711853337
0.4573464079306346 -0.1281601092442427 1.080505272273007 -0.4045757754377607 1.652571374527031 0.5637225833983589
-0.5230150686558448 0.1467824462827667 0.6203615791792035 -1.672914333452201 0.1208514745924355 0.31073184337777415
0.2684341443650416 0.04317950571120822 1.054208284146785 -0.4045670026051083 1.964263358114559 0.5676996886630431
-0.8973508601397351 0.01566020683289773 -0.1650839357208349 -1.160798674363541 -0.1054851295269521 0.24070807786472348
-0.6204746940626126 -0.07611383669195877 -0.4342054966078781 -0.4255230534654679 0.9088211327464468 0.338616453352468
-0.4103345026506851 0.06233663252608464 -0.8073227602646849 -0.7182369897049016 0.6200323857522543 0.30860313240465204
0.4572470381778097 0.1763418959516644 0.2977651805139128 0.289146732608544 0.4751144574329452 0.49838437453424944
-0.4136272324672449 -0.1352976747440687 0.1361327231056859 0.3884287456997175 1.365447271878903 0.4553976385433909
-0.8977381113420089 -0.05256088936402289 0.4626371273429151 -0.3501885076677494 -0.1320803608012263 0.31608372343841096
-0.403509558915388 -0.1814004146424315 1.127830204857365 0.4167831870054706 0.1395238776690845 0.4492834979389197
-0.9569169104095514 -0.0419971427479983 -0.3688821178989232 -0.9033371684399617 0.007741537202929749 0.24077938167950694
-0.4891122428651127 -0.1697231589829707 -0.3259022722226174 -0.3039309296878224 0.8510895096123696 0.35684131153489074
-0.852374614581268 -0.09488355271694911 0.7557387312179028 0.1356219156720567 -0.1684385689987349 0.35916605299443133
-0.6317374912455294 -0.0206642258124936 0.1703749717085833 0.2733153621901194 0.1090193900741869 0.368020773746571
-0.935365216656403 -0.1112682633444807 -0.3661469362810982 -0.2690057457769335 0.2429787129278628 0.28585633327884435
1.007903337847391 0.3538233311225462 -0.7886559966565201 0.2239870906870354 -0.1673790105795876 0.449549580146325
-1.278689321777073 -0.1241863848680411 0.2410391347067543 -0.5166801756164611 -1.079894695680495 0.20729111208124484
-0.67875343685312 -0.1491656310065061 0.718509624217092 0.6708640993843898 0.5645015755389022 0.43755095208918976
0.03954684867128847 -0.1417105245559748 0.29143354867592 0.9388374838748598 1.036229296205036 0.5148082914334915
-0.7816817904841724 -0.1505360272509446 0.4296685653561855 0.4769729877670256 0.4336266134021913 0.3941883804353672
0.6402596082528044 -0.3709147347533221 0.7989706462536194 0.70523021856645 0.8937859099052993 0.5712511255836547
-0.8581772215116609 -0.04271276967758033 -0.3644990231408202 -1.023553542091906 0.03406262642916862 0.24499190976294014
-0.864011089178204 -0.04420204176630031 1.366176800614669 0.1105276640532467 -0.6470068190507743 0.36903817927749555
-0.8254328933161963 -0.04962599488741404 -0.3696757655529168 -0.7086307311157084 0.326663296417572 0.2792832583905651
-0.5682152566006403 -0.1055807062349329 1.830227975630355 0.9640068225048746 0.2864048041942543 0.5150297327026844
0.2119596378330973 0.5100930106389128 0.1022143598150357 -0.8109711488630997 -1.651367075653695 0.30431161195486445
-1.310354388065187 0.05238900848388723 2.212156138209857 -0.413576744741959 -2.066901007025187 0.27968513854526356
-0.8061085302402035 -0.1897862656112495 2.327066788175897 0.203263509203586 -1.461490451688468 0.38771133272302816
-0.1280790698341673 -0.1472926977821094 0.8372901261820491 0.9038027771768015 1.604246156526157 0.5613521974364717
0.449404059457108 -0.328728602047853 0.8928008210319054 0.8661372310782407 1.178359656926412 0.5849615519245748
0.8393760203909152 -1.234900925628955 -0.5217405440018562 -1.071260148658723 -0.70270296043161 0.305708871798698
-0.1584157477372267 -0.01494435935110376 0.8069872138473804 0.4920130006530341 0.918617630622239 0.5028835882414452
-0.4822338613563268 -0.06753827098744182 1.644400290986843 -0.04620517968530526 -0.06524834190778378 0.44199071843755566
2.417383754103709 0.1736807020909748 -0.1541651886916765 -0.70157877476936 -1.104034107649518 0.5080747070673752
2.040001343703592 1.235094041416542 -1.034239825120706 -0.2559857292329525 0.85954803245354 0.5843560448039198
0.5264425272559964 -0.2000131767830724 0.775800801969854 0.1690707693413958 1.643254784965131 0.5782299472687819
-0.2258596402013008 -0.03893356795027376 -0.04898123226361708 -0.385337937456556 1.600529977643955 0.437004533768401
0.1808759203463659 -0.3401012838730176 -0.2677884490759735 -0.5540901909187156 0.8660679622344768 0.40205066111167376
-0.674691465796356 0.01753629391694601 0.7368670488490585 -0.5865985601014162 0.07765707120213253 0.35354769499628447
0.0004417309195607051 0.00219449487400698 -0.6125338871034157 -1.083793101887091 0.3129426251790364 0.31926264211603916
2.384095594537211 0.2471705370592189 -0.3250342054027789 0.3067326146288275 0.8659297966445939 0.6552893709171729
-0.758714204673222 0.02645138652528411 0.5656753937280482 -0.857972936833413 -0.0692656671625396 0.3143661876949298
-0.6719316367105109 -0.1158240648830642 -0.961230558529556 -0.4440892666887181 1.071532869990031 0.3092055193050069
1.462594797996797 0.7162492982440838 -0.4631559026386697 1.195432027172063 0.7872050420576153 0.6217145017333469
-0.8072780110237815 -0.1406649196413945 0.7213943985217848 0.5385154748152576 0.2366236084243031 0.4021681868392245
-1.219811381150042 -0.06610486216601281 -0.3385585893221744 -0.7609759698721633 -0.6305418908763193 0.19145957981871284
-1.337223921189822 -0.06658948524824189 -0.2830580606656135 -0.8555641311330006 -0.8488860048128417 0.16776875018628998
-0.7478666145778644 -0.03839758076005414 -0.5471414792074056 -0.265154755823423 0.1574667682659832 0.28943307659477485
0.4005179963617627 0.1452517329071859 0.7106151338331407 0.8734470466713318 -0.2606379058417731 0.5072210655404098
-0.7231143489752684 -0.1428475302365831 -0.1399991940741813 -0.1075488496534885 -0.09143539444216747 0.30728103479380436
0.05814558066920202 0.1621381641027565 -1.194990128481108 -0.01251596256213913 0.8473693991334312 0.3782817840438696
0.01892435477317662 -0.310875319810785 -0.9863435142101125 -0.2999154585976322 0.1772461659599352 0.3215682594563926
-0.1755842260018608 0.1618786027639456 -1.235599339393529 -0.2649665727130487 0.4194675175136427 0.31920063762216333
-1.016447591146513 -0.1832783792753188 -0.2961273429108261 -0.4741709538560352 -0.4472242636884582 0.23284222278160394
-0.8062059494805747 0.1134471867405047 -0.5801104010102782 -0.6800130367927057 -0.8421681738823519 0.21182304454484996
-0.348618031890533 0.1367157314020033 -1.542038940064099 -0.3729339486951301 0.8698271343158949 0.3036660224904614
0.9586890804988139 0.2833522676394788 1.011611028751176 1.673894603921201 0.6557327679968584 0.6692100462188946
-0.9918012405513507 0.05101088220755772 -0.289371549040337 -0.4902496781501762 -0.5850627156311057 0.23447666871177783
0.4635165069766022 0.0703870693897695 -0.5678196003157173 -0.2404011354894759 -0.5305693682197042 0.36248468541341783
0.1217162695051264 0.148348897521291 -1.385101960631684 -0.03189730289940425 0.9273644247816593 0.3754314631569771
-0.1923825587767196 -0.1255976482331964 0.6269373305677569 0.3830715001713851 -0.520647572453435 0.4023324342863152
0.5947703318755596 -0.4629912871491478 -1.142238884101671 -0.3028729688662353 0.1744839482157634 0.35796426372761647
2.034234064953272 1.254614834902906 0.137392389560208 1.826651524796924 0.3955920919557734 0.7359655029960681
1.907699190539926 0.8957664029123749 0.8080907778538067 1.683921851116654 -0.4949371445535963 0.6982158341555547
-0.3480778919340048 -0.2145092743053757 0.9243175555047646 1.472140207274773 1.453137127667153 0.5659796993078883
-0.8418496932938012 -0.1527053568447477 -0.157442765189757 0.1541663430405772 0.5166303969079483 0.341715244775666
4.688355759181035 -0.7496881481387354 0.3756624503181653 1.401376012151463 -1.313146384692506 0.8073818626344391
0.6872307534956285 1.230657808953827 -1.074756464153141 -0.5623837353006227 -1.545886103471688 0.31688667191926023
-0.8415521619816588 -0.1459024262219878 -0.6637850849227633 -0.1670475756966965 0.6862255357895504 0.30443696606068893
0.6658704216159805 -0.1915942920070093 0.1954851351355973 0.5871604668060231 -0.143003262252194 0.48101496991800746
-0.1421082365274879 -0.1875672780509121 -0.8923506088634017 -0.5752578259220159 -0.3274136095069843 0.2754805172353244
3.43742476622136 0.1431212919725506 -1.30934296607564 0.8180386291239273 0.1448897718042557 0.6733244572345454
-1.009476521063054 -0.04159455447157184 -0.6438506953119618 -0.5119042174067053 -0.1555910615505657 0.23094901993825517
-0.3237450153125658 -0.5146717970194574 0.0660137541867738 -0.0471141570249751 -0.3243466649213753 0.33366900018288276
-0.3360151924056893 -0.4013219389233564 0.08100025082081899 0.002279273869743579 -0.3201694980276392 0.3397821102476654
-0.2242828712506433 -0.63918433750574 -0.570857219168348 -0.5082979460032153 -0.4242556071239497 0.2715033101046861
