0.17611712344613312 0.9802955665024631 0.9718334999999999 2.720317204339955 0.29510491631659036 0.5160613934180879
0.2740858017112309 0.019704433497536946 0.44 1.0496380558428127 0.20570341209971468 0.896442415511256
0.34402001821295447 0.024630541871921183 0.8333333333333333 1.0496380558428127 0.0 0.6692988481882878
0.0 0.034482758620689655 0.48333333333333334 4.828335056876939 0.24009424470312202 0.8010738034249982
0.36589595682569426 0.08866995073891626 0.8421052631578948 1.9680713547052737 0.9046258991969724 0.9000000000441812
0.5864351778733103 0.896551724137931 0.9548267759562843 1.7930666541318039 0.11959404488813141 0.4503921575210681
0.7058076813516235 0.17733990147783252 0.9675675675675676 1.0496380558428127 0.14060182759197928 0.5791903852114944
0.6812517934533382 0.9408866995073891 0.9760416666666667 2.2559292362239614 0.55013535399425 0.5373007082222889
0.7785913119771302 0.6600985221674877 0.9535451851851852 1.8178711715872813 0.3469527598757113 0.5300270641727982
0.8316968554890204 0.6305418719211823 0.9923664122137404 1.0496380558428127 0.10348169405232313 0.4627720326973967
0.8005101699660194 0.916256157635468 0.9279860962566845 2.1513840648018516 0.4722561766674098 0.520955620428809
0.8225209412927244 0.024630541871921183 0.8333333333333333 4.576421923474664 0.43408374057957116 0.6084122212936567
0.776178258748676 0.7783251231527094 0.7485094339622641 2.073618292542801 0.0752857174813207 0.4970545170081247
0.8071151077062793 0.9802955665024631 1.0 3.0150003447087195 0.4273099525354362 0.4379502851192688
0.8362427505903234 0.812807881773399 0.9563253012048193 2.5258067181165806 0.2646114759619594 0.44476117253890834
0.7623476925837467 0.4482758620689655 1.0 1.2118548462912473 0.0 0.4635445641631563
0.8484663038687675 0.8177339901477833 0.9828059880239521 2.361099051053925 0.1230965675652118 0.3937072142152468
0.8332674797870097 0.9655172413793104 0.9275522842639593 2.8958939778531767 0.6634996735598528 0.5414227868690036
0.8306798114443285 0.1330049261083744 0.9642857142857143 1.0496380558428127 0.692552661728723 0.7390995909397895
0.7773475070648252 0.7783251231527094 1.0 1.3645294725956565 0.31335742558529633 0.49764210950415555
0.8949718890349605 0.7536945812807881 0.9691558441558442 2.990020007569129 0.5290886863003705 0.5064369313234367
0.9309021750336091 0.6798029556650246 0.9762589928057553 1.8890861553034 0.21610347748937658 0.4514149047777887
0.9365355424120161 0.9802955665024631 0.978 2.3917361025737445 0.3345964625070927 0.41901983790968245
0.9263957466536759 0.9802955665024631 1.0 1.460277225359955 0.6064045395527248 0.5280137173045425
0.9576921160708763 0.9605911330049262 0.934580612244898 2.8958939778531767 0.25809607138527135 0.39488519635634345
0.927393767020264 0.9802955665024631 0.6603805 1.1526934285982888 0.3496271657173646 0.5901418539279988
0.9574514746105967 0.41379310344827586 0.9911764705882353 2.4130626462744234 0.39761342269923483 0.5242007151856387
0.940255881691922 0.019704433497536946 1.0 1.0496380558428127 0.6723510673411416 0.7209979524530088
0.9293103623640006 0.7044334975369458 0.967245138888889 1.743634723436259 0.2887226077766692 0.4784504010353878
0.948712712764356 0.9802955665024631 1.0 1.8533609100310235 0.34685454355680717 0.4308555839617838
0.9346431153825782 0.9802955665024631 1.0 2.452481838400723 0.16204992781890987 0.35540113735251994
0.9556736211522967 0.9802955665024631 0.9238970000000001 3.08811884355447 0.12902686748351797 0.349547676159894
0.9413815374637665 0.9802955665024631 1.0 2.676327128576353 0.1932682302404046 0.35634105376043823
0.9487731232627009 0.9802955665024631 1.0 1.5145965564941777 0.07234605985178542 0.357586778057587
0.9403488781444592 0.9802955665024631 1.0 1.8218465245352522 0.3060823791493303 0.420629989360774
0.9255888414140229 0.9458128078817734 0.9963730569948187 1.79248190279214 0.27742407595804397 0.42223786965816507
0.9368048279893587 0.1921182266009852 1.0 3.463805584281282 0.6890466890347638 0.615199239841314
0.9479540662595758 0.896551724137931 1.0 3.350404389634043 0.04076836274435828 0.29910924313700105
0.9451269484247197 0.9753694581280788 1.0 3.675923451425119 0.28057026887128933 0.3493475718960369
0.9462402467377867 0.9802955665024631 1.0 3.619179638600118 0.22267065429895255 0.33239504217108884
0.9507626087004987 0.10344827586206896 0.9954545454545455 3.110745510952336 0.0 0.4287048580037006
0.818434180463181 0.10837438423645321 1.0 2.0831278339034283 0.018158525652227135 0.48747645127593114
0.9318730979612135 0.9802955665024631 0.9976365 2.534875904860393 0.6549534766858705 0.506292272507625
0.9576815069096782 0.9802955665024631 1.0 3.152896560523241 0.10347220806699586 0.30973460326302554
0.9495929529310317 0.9753694581280788 1.0 1.7796187247344166 0.09025617973545212 0.3547464394596746
0.9126821633789157 0.9704433497536946 1.0 3.1832988624612204 0.2530686904712748 0.3635758699608488
0.9360936373833092 0.9802955665024631 1.0 3.0746000017466617 0.20380491512482293 0.3467839741923562
0.9300644165635549 0.9704433497536946 0.9983166666666666 8.152051850863437 0.8233409591732744 0.36769698887319924
0.9443093471345482 0.11330049261083744 0.6833333333333332 2.8865046535677354 0.1089738272783584 0.5899347954089107
0.928271835676515 0.9753694581280788 1.0 3.6346597125429008 0.15267844757849322 0.31384380487992003
0.9444830002102219 0.9753694581280788 0.9793969849246231 3.3760858324715612 0.6415889526507127 0.4792682440554527
0.8948808013949009 0.8275862068965517 0.8977970414201184 1.6974690265865067 0.49583877328964715 0.5556166806648773
0.9347931612694751 0.9802955665024631 1.0 2.613890325175226 0.1608796172758227 0.3494899316730248
0.9200680615627312 0.9753694581280788 0.9951422110552766 4.009980151449444 0.3348927666444622 0.3604710864950881
0.9379551094825679 0.9802955665024631 1.0 3.897306101344363 0.29838670495810904 0.34756559778883583
0.9417445526791238 0.9802955665024631 1.0 4.225851451819508 0.4672194192769758 0.3879191517526005
0.9108414325969505 0.9802955665024631 1.0 2.8467765946566352 0.767077347126197 0.5326284971099978
0.9460159970468293 0.9458128078817734 1.0 2.7879910047438483 0.1598395587179325 0.3472329237428755
0.9073430763653052 0.9458128078817734 1.0 1.4694932781799377 0.7108474296302608 0.5687121363780612
0.9346815575049531 1.0 0.9975728155339806 2.9535596561530504 0.1344523948440715 0.3273496025517868
0.9393437464121138 0.9753694581280788 1.0 3.9130942055575937 0.20496718620225957 0.31875503860323173
0.9142034460973005 0.9802955665024631 1.0 2.5798219446875086 0.0705160576799717 0.3259208798863098
0.9120359590505155 0.9802955665024631 1.0 1.0426404688038606 0.05149930283729448 0.37300731266924925
0.9372447901280816 0.9556650246305419 1.0 3.073986158619044 0.0919542625803079 0.316170570525778
0.9132560369992878 0.7980295566502463 0.9554098159509202 2.57633383124593 0.2217627469357676 0.4206485904882437
0.9306379336743854 0.9753694581280788 0.9761306532663316 2.629571512072299 0.3462121828056128 0.4169297331384264
0.9349382972223024 0.9802955665024631 1.0 2.187809638827219 0.07970024139349445 0.33896042530934534
0.953808509665481 0.9704433497536946 1.0 6.465770423991725 0.1081246157394405 0.19999999999193938
0.9235099953622885 0.9802955665024631 1.0 3.1335098130917123 0.23014863449947323 0.35486526429580845
0.954131551840715 0.9802955665024631 1.0 2.190525830197795 0.47866106021638843 0.4592151777163335
0.9423806437810051 0.1724137931034483 0.9611111111111111 3.043950361944157 0.3392417272581646 0.5388853919624607
0.9314160382439487 0.9802955665024631 1.0 3.215184704049046 0.48894979652408654 0.43084302304686606
0.9321738296200548 0.2857142857142857 0.9353101694915255 2.7886699686133634 0.4567035838045915 0.5765297737313265
0.9390220089540025 0.4088669950738916 0.9970238095238095 2.7776383475194226 0.06147752219230143 0.40923956563282704
0.9039258169973047 0.9753694581280788 1.0 1.0496380558428127 0.627646084463365 0.5529534230213288
0.9296020421546429 0.9655172413793104 0.9865685279187818 2.7593254970856442 0.674506880923676 0.5117506433641128
0.9251120358272967 0.9704433497536946 0.9811449494949493 2.9574466243856112 0.33466587477091336 0.40188141583369763
0.9385350860201208 0.9802955665024631 1.0 2.203269663604842 0.06781586887071278 0.3341986555322593
0.9304509140214973 0.9802955665024631 0.9954999999999999 2.3649464060012146 0.46788529680870006 0.4553283518936311
0.9406487282770448 0.8768472906403941 0.96731843575419 1.9658372765921885 0.5826355681393702 0.5310672159422298
0.935334551977699 0.9064039408866995 0.9778378378378378 3.1437915320405927 0.5451029202301195 0.4709548958509453
0.9377625211582422 0.7832512315270936 0.99625 1.0436401240951396 0.16766467878978228 0.43929705738146774
0.9319671124555913 0.9605911330049262 0.9834183673469387 2.555486979411488 0.10839248694389472 0.3454018461606515
0.933730443146934 0.9802955665024631 1.0 1.9005446397793864 0.6780618175999406 0.5339521228346391
0.9418332604631702 0.2660098522167488 1.0 1.0496380558428127 0.04515369136964067 0.48566685056881687
0.9432425880952627 0.15270935960591134 0.96875 5.021689435584825 0.16532497412600008 0.41762453584188763
0.9319785521394587 0.9802955665024631 1.0 2.3142606492298885 0.2726109455439047 0.3947245622241155
0.9356429558889001 0.9802955665024631 1.0 2.7047244792436107 0.6811992577309741 0.5070922896413559
0.8816077411387717 0.9802955665024631 1.0 1.8595484315753188 0.05932616477507822 0.352184912796053
0.9275770955001359 0.9802955665024631 1.0 1.793551345339603 0.3993232913157217 0.45240578196726344
0.8852233076830925 0.9802955665024631 1.0 5.2661019110084855 0.7282756397295115 0.441783041564872
0.9496686738912695 0.9802955665024631 1.0 2.017265929520324 0.17058160558166646 0.37060497520970237
0.9315509817031236 0.9753694581280788 1.0 2.2102037698599224 0.19362003104922493 0.37475949431812283
0.9320929216854329 0.6354679802955665 0.9714107692307692 3.4542634201372566 0.3015601400276292 0.4333484920933425
0.9316963292197669 0.9802955665024631 1.0 2.2991936610861123 0.09360502880500514 0.3399488958239708
0.9299310001137733 0.9458128078817734 0.9735321243523315 1.0496380558428127 0.5549515858323503 0.5416059866727203
0.9471606205976529 0.6157635467980296 0.9537031746031747 2.3401930368838326 0.4280177191141978 0.5183748492517337
0.9506997820686632 0.9802955665024631 1.0 3.593466755885394 0.062268134206556254 0.2829980968662911
0.9381535857134677 0.9802955665024631 1.0 4.079981539566009 0.22588236973412726 0.3188675656138956
0.9455771890834029 0.11822660098522167 0.9466680000000001 1.2256542836687614 0.9702408519066754 0.8103410637424793
0.9396233840208871 0.9753694581280788 1.0 4.8710550197328155 0.3020610996047178 0.3159282341627011
0.926396920396421 0.8374384236453202 0.9789473684210526 3.235684246811444 0.46027734080284954 0.45408380008002636
0.9085947345213766 0.9753694581280788 1.0 2.4935870054080866 0.17634552629769812 0.3632831999363262
0.9486889368245066 0.3694581280788177 0.9271934210526315 2.481858472447924 0.4009868858719303 0.5563700764751147
0.9422299073814029 0.9014778325123153 0.9773548913043478 2.172306484354054 0.2984946855917792 0.4279220085546715
0.9367878893576879 0.9753694581280788 1.0 3.5303299421448338 0.2695985769272757 0.35223593945462645
0.9896826723202481 0.5270935960591133 0.9708333333333333 2.283066738747046 0.7318533209320871 0.6158681233736243
0.9769741019592578 0.8620689655172413 0.9738636363636364 4.762174197496993 0.1278324446400973 0.28904045423154906
0.9862626888838756 0.9802955665024631 1.0 2.0400356698589683 0.20313046894250303 0.37420284541766075
0.9837671743204018 0.2561576354679803 0.9575471698113208 4.168062736987246 0.3181933071646866 0.4748309473514216
0.9793297075694285 0.9310344827586207 1.0 2.0815004230516116 0.28518067426640187 0.40746461464420486
0.9756138282345063 0.9704433497536946 1.0 3.388144174422613 0.19211790406967352 0.3279457748478959
0.9925671861689622 0.39408866995073893 1.0 2.5401240951396065 0.1030927992783934 0.4232414059161409
0.9818237702350701 0.7142857142857143 0.9849315068493151 1.2175801447776629 0.24967630276971695 0.467756657369074
0.9938972402132791 0.5615763546798029 0.7765226086956523 3.502292312995518 0.34058490437434774 0.5217757916311592
0.9910185659384366 0.9802955665024631 0.9881665000000001 4.167931231531814 0.09169880181760749 0.27073413775655186
0.9955955966417972 0.9359605911330049 0.9770753926701571 0.0 0.6775675531819738 0.6055262680562089
0.9708068192940511 0.625615763546798 0.9875 3.819523831907492 0.052640192862629914 0.3333179650904553
0.9791368909934054 0.8719211822660099 0.97546797752809 2.7451443076055284 0.8143792962531483 0.5677231322716951
0.9783168582453138 0.9802955665024631 1.0 2.723706353042922 0.466580955361413 0.43346968316828094
0.9714781711582149 0.5467980295566502 0.8486821428571428 2.8389622239795607 0.15771551885454566 0.4660499216720945
0.9894964236347561 0.9310344827586207 0.95698 2.591508649055184 0.28381183549188604 0.4046114062649776
0.9925651238924802 0.7142857142857143 0.9977171232876713 2.0662874870734225 0.12253948863380269 0.3927931966370253
0.9483581794148621 0.9802955665024631 1.0 1.5954498448810752 0.1445015818707296 0.37718820233447653
0.9973128346696941 0.6502463054187192 0.9469924812030075 2.7679740976018117 0.8167503155423931 0.612928535231039
0.9938932001706107 0.9802955665024631 1.0 2.7203225637972275 0.47300618960579593 0.43315221921959723
0.9956734781724346 0.1330049261083744 1.0 1.0496380558428127 0.1714070962089949 0.5385815901014267
0.9842148676380702 0.8275862068965517 0.9955621301775147 2.8221164086496153 0.12305235147204692 0.3502501647442171
0.9884434642458141 0.9753694581280788 1.0 2.8842417689662483 0.18791027885567954 0.34108021326222726
0.9969158284350949 0.9753694581280788 0.9822447236180903 2.0657055981725287 0.41617784673257285 0.44520712288359887
0.9997960944621214 0.0 1.0 0.6297828335056876 0.0 0.5215791057015544
0.9918010209871616 0.9408866995073891 0.9930557291666666 2.612099276111686 0.15606857792114195 0.34848256164654556
0.9866228422390064 0.9802955665024631 1.0 3.219667547588954 0.40224078686469167 0.3953101106218537
1.0 0.9753694581280788 1.0 3.594624759934997 0.4858786500134949 0.40707351270138215
0.41750399474764105 0.9802955665024631 1.0 2.434785418821096 0.19432611443353062 0.4463131918455473
0.41680952267338517 0.9014778325123153 0.9891304347826088 2.302206135815236 0.8228797623324838 0.662644150252137
0.42272143685699365 0.9261083743842364 1.0 2.4220738930149475 0.06850271020600981 0.4161073889947149
0.4108321910298788 0.9753694581280788 1.0 4.630070090773296 0.527372396099582 0.4759670831931717
0.3948097201511175 0.9802955665024631 1.0 3.3225997305004538 0.12828712439645756 0.39902799950635526
0.42031957271766723 0.9753694581280788 1.0 4.16076525336091 0.2469485126719158 0.4038746553808691
0.4131241867551143 0.9802955665024631 1.0 3.7487647387718135 0.3253508581030207 0.44251008094663913
0.41840211667535526 0.1921182266009852 1.0 1.4652947259565665 0.3931095344614478 0.6726652871814423
0.41518239829030723 0.9802955665024631 1.0 2.5248793519476043 0.45135054699271787 0.5230421658747976
0.4276609373543912 0.9802955665024631 1.0 2.694904056072619 0.5099080636678885 0.5333843595042653
0.41945210135676547 0.9753694581280788 0.9889447236180905 3.9750173640587136 0.3039971696087357 0.43227254976584595
0.4152708669148378 0.4876847290640394 0.9854999999999999 1.5039813857290587 0.05901358173556557 0.5247041940810969
0.419698989190916 0.7684729064039408 0.9936305732484076 2.1905156288041496 0.6124903216338727 0.6214946340216612
0.405501630065331 0.8472906403940886 0.9591526011560694 1.6793754504716238 0.11730117246881708 0.48825116977257776
0.37021545141517365 0.06403940886699508 1.0 8.117200965184418 0.4581041713095141 0.49392682546385946
0.42318912680188464 0.7931034482758621 0.9951987654320988 2.7570220300209956 0.5719915532723546 0.5843120598386782
0.4238118691334927 0.009852216748768473 1.0 4.408479834539813 0.0 0.48002949585439303
0.42313598493877885 0.5714285714285714 0.9914529914529915 2.8399269648397096 0.49702336644453543 0.5968364268718436
0.3965486145516768 0.7832512315270936 0.99875 1.295252495407614 0.3641659994504895 0.5745293906839335
0.4135663364957284 0.9802955665024631 1.0 2.422802481902792 0.6377983080048168 0.5844238067802457
0.4225385764520741 0.9802955665024631 1.0 3.3405402587828594 0.5675354963551261 0.5298895802383814
0.42911609224593306 0.6551724137931034 0.9595768656716417 3.6668125049717597 0.23271626047701577 0.4841918415284834
0.41208545401845426 0.8916256157635468 0.9931318681318682 3.018481532358888 0.16244090031040884 0.4347993516159204
0.4205481040093002 0.9802955665024631 1.0 2.3984759696238496 0.4874859843822948 0.5377067508311795
0.41560550115373973 0.8571428571428571 0.9940954285714285 3.4970476426293016 0.47491944532770086 0.5198595513853452
0.419750257820292 0.9802955665024631 0.9994445000000001 2.1300937677359597 0.3341622164026562 0.4998374011435127
0.4192392463036805 0.8472906403940886 0.9772641618497109 2.252270230093071 0.1391412889363588 0.46626149640805936
0.4099428161024012 0.2315270935960591 0.6170125 0.6997587038952087 0.5376128468455317 0.8861396599668259
0.43123442368495374 0.9064039408866995 0.9951351351351352 2.8410515770423994 0.24392888813797894 0.45984391355201837
0.41984516016288453 0.03940886699507389 1.0 2.3092037228541877 1.0 0.8566997968047618
0.4184776854804447 0.9802955665024631 0.995 1.6191029789505282 0.8042684755730384 0.6645678431105113
0.42516805503554517 0.9704433497536946 0.9985969696969696 2.122111820191083 0.13227900084115665 0.43883716290259045
0.4207778388912069 0.9802955665024631 1.0 1.3757497414684587 0.13005667752357541 0.462195406096049
0.420916638389049 0.9802955665024631 0.995 2.469466641596942 0.42276554638201674 0.5171427738941893
0.4037055795948668 0.9064039408866995 0.9475756756756754 1.8906503771754724 0.27547388870215594 0.5247731824244544
0.4221758580320046 0.9802955665024631 0.9984999999999999 2.005385410866279 0.5447667215550207 0.5691982204686488
0.42428153311662103 0.8226600985221675 0.983135119047619 1.0496380558428127 0.14520710162434172 0.5103812619854393
0.4189146104163944 0.9802955665024631 1.0 2.843400469460449 0.137065035394292 0.414403487799322
0.42709687892450793 0.12807881773399016 0.6876555555555557 2.3092037228541877 0.668504168660943 0.8588642155169439
0.37671508893381683 0.9802955665024631 0.9689044999999998 4.029749995696657 0.3928159177468887 0.4714068900282325
0.3628809706315972 0.9753694581280788 0.9314557788944723 3.283696262372581 0.6591555446905225 0.5967140274025033
0.35105534715167824 0.9753694581280788 1.0 1.0496380558428127 0.17215879922934077 0.49802957941993586
0.20333792680195067 0.5615763546798029 0.9982608695652173 1.9918488698478358 0.10061553029363719 0.536493551500461
0.3081324662701281 0.9704433497536946 0.9896459595959598 1.847132871150451 0.21337512461131833 0.4949560203633439
0.1475047637127872 0.9408866995073891 0.9870229166666665 3.4246923110534975 0.5374023526284525 0.5720184067505019
0.2622426218255838 0.8620689655172413 0.9820073863636365 2.485003708230182 0.13830736613040773 0.4781188217126412
0.43201164439556183 0.9802955665024631 1.0 2.7831809074457077 0.15579436363089277 0.42022053583077723
0.43443947169132274 0.9064039408866995 0.9763513513513513 1.511925170557082 0.0669859944876722 0.4574061293678956
0.4498257801722247 0.9753694581280788 0.9933 2.5268209901095116 0.3230395267867651 0.48134114956740537
0.4313442727453113 0.9802955665024631 1.0 1.230337650399698 0.444498683212731 0.5627346931474027
0.430604159503649 0.916256157635468 0.9380358288770054 2.4330071858510327 0.5327995588683759 0.5836076025670283
0.4389803284949207 0.9802955665024631 1.0 4.000581528089284 0.6326054450854366 0.524852671359713
0.41671372838707765 0.9802955665024631 1.0 2.4771458117890384 0.49262745749013737 0.5371983069829733
0.4197090998829415 0.9753694581280788 0.9731994974874371 1.3318428828709257 0.5168547439274789 0.5946058083788512
0.4219127398395154 0.9802955665024631 1.0 3.242761806273699 0.19285915452307031 0.41751229036444193
0.3987888383155597 0.9802955665024631 0.997 1.0496380558428127 0.516486344978253 0.5973897820641302
0.6377557444824353 0.9753694581280788 1.0 3.0789382971389174 0.1219431710574257 0.3684956545053064
0.6972532019356338 0.9753694581280788 1.0 1.6807537630702054 0.21869434238575186 0.43703151734672757
0.6917123999481818 0.8817733990147784 0.9944444444444445 1.871016112352803 0.1114298015764951 0.41602219268325646
0.6913881506407709 0.7192118226600985 0.9743761904761905 2.060789382971389 0.44899846030051704 0.5488690621739746
0.724699612000288 0.9802955665024631 1.0 1.19358841778697 0.44564140528370877 0.5187783469803736
0.7087968125644499 0.9802955665024631 1.0 3.1489141675284382 0.3387409601161562 0.42125860640688767
0.7203389033487398 0.9556650246305419 0.9815384615384616 2.844019303688383 0.5760088647480475 0.5144984485572438
0.6999409894033359 0.9802955665024631 1.0 2.819257285286241 0.12725727436787523 0.3685455671756549
0.7079990699903527 0.9753694581280788 0.9884422110552764 1.721486384005515 0.25543867169040657 0.4497889180744235
0.7593852710168847 0.9704433497536946 0.9974747474747475 3.169135765992022 0.4554729489525851 0.4514162370961019
0.8061434126949641 0.896551724137931 0.996356830601093 2.573863543098289 0.3917077449590448 0.4576145416225997
0.7879342140756033 0.9753694581280788 1.0 2.4059254210495165 0.2251036974478965 0.40009943329519104
0.8056450149530399 0.4827586206896552 0.9505050505050505 2.201907388256923 0.2536835654649387 0.5146847061024276
0.8059880036308146 0.9802955665024631 0.9934165000000001 4.137138511078532 0.24245000965724586 0.3451037784568714
0.786854007048554 0.9802955665024631 1.0 2.228124997021849 0.5510394881787272 0.5062856664624329
0.7978389118931671 0.8669950738916257 0.9792841807909606 1.3680198074934369 0.5490570325823019 0.560365804003444
0.8025995435638753 0.9802955665024631 1.0 2.312764994829369 0.4701333145831511 0.47593186630475703
0.6949999733992538 0.8719211822660099 0.9397 1.6542814099863388 0.6101221407740666 0.5998757879085582
0.6720695173275517 0.9753694581280788 0.9962311557788945 2.8069016680904633 0.11404956737074214 0.3714943368340581
0.7244239247946089 0.9605911330049262 0.9964285714285714 3.922545125505312 0.5370648782629118 0.45832672549424686
0.6997787542542282 0.9753694581280788 1.0 2.4168910790789937 0.1671364406785213 0.39549828087339556
0.7275066370888797 0.9802955665024631 1.0 2.8763918305876457 0.768462873883289 0.560520812891879
0.6929208446011955 0.5615763546798029 0.9692756521739131 4.514887586655941 0.19042565333082884 0.4130181283684051
0.6784371682626318 0.9753694581280788 1.0 5.950094076755142 0.548638575788607 0.3957795969816845
0.7049776169421429 0.9802955665024631 0.9758099999999998 5.1056752512041745 0.6855240533484354 0.4713979329061197
0.6988155571725081 0.9704433497536946 0.9964722222222222 1.0496380558428127 0.6468827856616306 0.5929465382055301
0.6974504741530685 0.9064039408866995 0.9552708108108109 1.3980367720497895 0.6521287965694079 0.6094730863472023
0.7123987857164029 0.9753694581280788 0.8367668341708543 3.1051262365119654 0.10565999929395832 0.4139962102590886
0.6821215871237064 0.9113300492610837 0.9946236559139785 1.8619922438433294 0.5617680263577934 0.5520185117690116
0.602553913333414 0.9802955665024631 0.99 3.4088899309130354 0.5867680331124926 0.5093935029062889
0.5882127047749074 0.3448275862068966 0.8692478873239436 3.3874682711290776 0.2321243069620242 0.5556522949471627
0.5604164762695677 0.1921182266009852 0.985 1.0496380558428127 0.19390614228946562 0.6090492313627438
0.5474883201130599 0.9310344827586207 0.9658689473684211 1.0496380558428127 0.5495104827974306 0.6047609630881473
0.5830509595160875 0.9802955665024631 1.0 1.0496380558428127 0.31687086477671955 0.5059031736378807
0.6310975850677865 0.9408866995073891 0.9507380208333331 1.65796638094031 0.24638163581584288 0.4814354627781716
0.6069769561149132 0.9753694581280788 1.0 3.0718782316442597 0.36121484935468956 0.44748338649739916
0.6147353982213148 0.8472906403940886 0.9694606936416185 2.2797513589055525 0.09229068057242301 0.4234838494812274
0.6150386630749326 0.4088669950738916 0.908729761904762 1.0496380558428127 0.4040095586158049 0.6587025596420211
0.5968882289425496 0.9802955665024631 1.0 3.2385906309736456 0.2885506223915578 0.4200563313864508
0.7437606483782151 0.9753694581280788 0.9994974874371859 1.3090114266667803 0.13366476639541058 0.4164438635135048
0.8065628092022978 0.35467980295566504 0.9771684931506849 1.0496380558428127 0.48037810228896155 0.6352001512133427
0.7974663420848045 0.9802955665024631 1.0 2.6239090451086318 0.5200842201211265 0.48151773078745713
0.786546711840206 0.9704433497536946 0.998989898989899 3.495604143070534 0.12740850952734153 0.334021705873099
0.7889886502030241 0.9802955665024631 1.0 3.788239165178151 0.11399254865876467 0.317438125130403
0.799532541427363 0.9113300492610837 0.9956989247311827 2.38918614270941 0.19714979848212794 0.40260315361634236
0.8050851468066083 0.6699507389162561 0.9663824817518248 2.8410203378145464 0.5759118818965543 0.5550547458782868
0.8056879042980885 0.9310344827586207 0.9858773684210526 2.757998379565747 0.2799018120502098 0.415096724355663
0.7980571614493673 0.7389162561576355 0.9873066225165563 1.2174099906855302 0.1640383804696207 0.4647972488307087
0.8117206760276123 0.8472906403940886 0.945857225433526 2.0352278713852145 0.1399317849560317 0.4250977816194748
0.8081644917439887 0.7536945812807881 0.9886363636363636 1.7476794032119778 0.10371856977105956 0.42344044633551436
0.8098274330149537 0.9704433497536946 0.9870368686868687 3.20445839462837 0.18564064631693125 0.3629895559471228
0.8076246091026512 0.8275862068965517 0.9913213017751481 3.5296465168750584 0.10099626790510191 0.348276131181395
0.7999105991085023 0.8078817733990148 0.998989696969697 1.2184352875666213 0.048033057953121204 0.412566215743323
0.7911993137150573 0.5911330049261084 0.9724520661157026 1.7258761621549408 0.7771722191299008 0.6684470323532261
0.801690828354325 0.896551724137931 1.0 3.365943875152768 0.17934280303092934 0.3641336680982445
0.782876672967022 0.6502463054187192 0.9458233082706768 2.8638086674531285 0.20318586312641526 0.4537392797893925
0.806303011219092 0.729064039408867 0.9843026845637585 1.0496380558428127 0.13406247654614245 0.462802024209884
0.8049215372043818 0.8325123152709359 0.9646705882352942 3.2888659083074794 0.4737480158137492 0.48163270400042063
0.8040945466034644 0.7931034482758621 0.912567901234568 1.8568641076262582 0.12785935808294016 0.45057498460933154
0.810021400240734 0.09852216748768473 0.9904761904761905 1.4694932781799377 0.6653330329856357 0.7151758520972478
0.8128782807042451 0.1921182266009852 0.9591675000000001 2.6901834616415794 0.728027211233204 0.6887510839088882
0.8109949285733641 0.9802955665024631 1.0 1.1286269473262835 0.7322168649483052 0.5961857895155218
0.8103039010496419 0.9802955665024631 1.0 2.08123947407298 0.32953953324335494 0.4392006713429662
0.8154568441603718 0.14285714285714285 0.7238100000000002 2.7850396415029297 0.6664046356103502 0.7651673038441074
0.7814018442474139 0.22660098522167488 0.997872340425532 3.826583714180872 0.041574277035910163 0.42182067034348214
0.7987349723124566 0.9802955665024631 1.0 1.7832397905820858 0.20630681574228024 0.41310587624248224
0.8096078815258461 0.7142857142857143 0.9318493150684931 2.5084441101814416 0.46286733464922897 0.5367104789426052
0.7978929081816383 0.8226600985221675 0.9521827380952381 2.701309508816679 0.09696299156073643 0.39283636206472705
0.8065595833921639 0.13793103448275862 0.8471275862068965 1.0496380558428127 0.3175258401369766 0.6713271200641817
0.8094404271267992 0.9359605911330049 0.9994764397905759 2.782206999065207 0.13126993538632825 0.3616643139567786
0.8108314039266852 0.9605911330049262 0.9424035714285715 2.9634298321895267 0.32668785450733057 0.43356830012801795
0.8108417719222082 0.9310344827586207 0.9509357894736842 2.9634298321895267 0.3351981203026837 0.4378474771733658
0.8137061335754551 0.9605911330049262 0.9243765306122448 2.8958939778531767 0.15736521537686302 0.39005231707328025
