5
0.7735849056603774
[[-1.07907786 -1.32531352 -3.00189783 -0.44955939 -0.04107028]
 [-4.01581824 -2.30250533 -0.71278868  1.32770291  0.95372595]
 [-1.18943687  4.06399947 -2.75992135 -3.2984916  -1.03473975]
 [-2.06736904  1.27107534 -2.62669298  1.32250643 -5.01102677]
 [-4.04340277 -2.32621008 -4.36075884 -0.51546691  3.96000324]]
[[ 3.91347461]
 [-2.66246355]
 [ 2.95028765]
 [-5.09069603]
 [-0.97522878]]
[[ 1.32744683  1.85580253 -1.56188559  0.4444686   4.01762006]]
[[-2.14641504]]

5
0.8679245283018868
[[ 3.97982898  2.33544052  0.92787905 -2.61344291  0.17061272]
 [-1.05530075  0.66927799 -2.37650565  2.73439139 -4.20641467]
 [-1.03379466  3.51855699 -0.17067386  0.90432528 -3.97905212]
 [-4.00607867 -0.83958199 -2.02021891  2.51859694  1.62728275]
 [ 0.98545005 -3.60746387 -4.08375833 -1.63937053 -5.16815522]]
[[-0.61066009]
 [ 3.33209519]
 [-1.94693364]
 [-2.92101406]
 [ 3.27587702]]
[[-3.97514307  0.60750339 -2.90216224  4.03719038 -2.85200427]]
[[0.54526396]]

5
0.9245283018867925
[[-1.51925374 -2.01526239  3.68472885 -5.04940641  3.29374951]
 [-0.56359511 -0.01626897 -0.34893629 -5.07169585 -2.69114046]
 [-3.61125354 -1.01999658 -3.38135639  2.92938934  2.32100275]
 [-4.19660513 -5.00554451  2.86539164  1.96998825 -2.89354076]
 [ 0.73672911  1.98832959 -5.20301146  3.95522154 -0.86826733]]
[[-2.60931896]
 [-0.97709068]
 [-1.93480708]
 [-0.80868169]
 [ 1.31685392]]
[[-4.36711243  1.02168778 -2.60728168 -0.92814519  1.66870343]]
[[-2.37509019]]

