4
0.8301886792452831
[[-1.04816589  1.81952883  4.82661935  3.10785546]
 [-1.48239734 -2.84564642  2.91384492 -0.95445001]
 [ 1.35540488 -2.65676833  1.69753825  3.68354353]
 [-3.60792979 -3.41529414 -3.5091623   2.79601582]
 [ 3.19192901 -4.26920141 -1.34866378 -1.59238204]]
[[-0.87698297]
 [-1.02343497]
 [ 1.41658573]
 [ 0.29054547]]
[[ 2.68173658  0.63223088  0.82809915 -5.33842285]]
[[0.63436216]]

5
1.0
[[-1.63049192 -3.95832093 -5.11290946 -5.14655782  4.12550041]
 [-2.37208935 -1.5500408  -3.93369579  0.19183774 -3.42812752]
 [-1.67424857 -4.13596421  1.43668071  2.21324069 -2.26109776]
 [ 1.44205036 -2.60926965  1.25933886  0.08009583 -0.46833015]
 [ 2.74025031 -2.74503194 -4.78490693 -4.18526868  2.89787243]]
[[ 0.01186681]
 [-1.00319797]
 [-0.67092493]
 [-1.63383195]
 [-1.28328762]]
[[-2.12061228 -1.20386838  4.64124189 -4.82091955  0.95917431]]
[[-2.07496773]]

4
0.9811320754716981
[[-4.65181118  2.04907213 -3.30362765  3.62937841]
 [ 0.45080093  1.17252493 -1.22763933  2.51599048]
 [ 2.27782271 -5.10859065 -0.53680279  0.06749338]
 [-1.60581284 -4.93914594 -2.57722251 -2.00892766]
 [ 1.67211792  1.66504513  0.05161162  3.56672203]]
[[-0.39590754]
 [-0.70674984]
 [-0.62910848]
 [ 1.05530118]]
[[ 4.14565789  1.50640869 -1.11744633  0.20871145]]
[[0.13590555]]

3
1.0
[[-3.65064741  2.28319579 -1.84348913]
 [ 3.15228072  1.1524047  -5.05089521]
 [ 2.61021774  2.26355606  0.98562552]
 [-2.98864568  1.73827929  1.27480726]
 [ 0.83696841  0.71410458 -1.61030768]]
[[-0.32984935]
 [ 1.50676897]
 [-0.44503477]]
[[3.94957859 2.21413991 0.15098529]]
[[0.61839473]]

4
0.7169811320754716
[[ 2.99997526e+00  9.99743869e-01 -4.00000000e+00 -2.00000544e+00]
 [-2.00142474e+00  1.93835996e+00 -4.00000003e+00  2.99965574e+00]
 [ 9.97412279e-01 -2.06074638e+00  2.99999997e+00 -2.00054575e+00]
 [-1.00003711e+00  9.99161193e-01  4.00000000e+00  1.99998611e+00]
 [ 3.99999761e+00 -3.64768065e-05 -1.00000000e+00 -1.00000266e+00]]
[[-4.89671331]
 [-1.24036637]
 [-2.48768897]
 [-2.00041229]]
[[ 2.00002607e+00 -9.99383599e-01  3.39588058e-10  4.00000583e+00]]
[[-2.51189708]]

4
0.7169811320754716
[[-1.00000000e+00 -2.00000000e+00  1.99962291e+00 -5.00000000e+00]
 [ 4.00000000e+00  1.59020827e-22  9.15837965e-01 -3.00000000e+00]
 [ 4.00000000e+00 -1.00000000e+00 -2.04695263e+00 -4.00000000e+00]
 [ 3.00000000e+00 -1.00000000e+00  8.67281836e-05 -5.00000000e+00]
 [ 1.00000000e+00 -5.00000000e+00  1.99968831e+00 -1.00000000e+00]]
[[ 2.23677633]
 [ 1.        ]
 [-1.9729916 ]
 [-4.        ]]
[[ 4.         3.        -3.9988616  2.       ]]
[[2.76322367]]

4
0.7735849056603774
[[-3.23631134e-29  4.00001787e+00  3.00000000e+00 -5.00000000e+00]
 [ 1.00000000e+00  2.00264017e+00 -4.00000000e+00 -2.00000000e+00]
 [-4.00000000e+00 -2.99819797e+00 -2.00000000e+00 -2.00000000e+00]
 [-3.77520377e-29  3.00003162e+00  3.00000000e+00  4.00000000e+00]
 [-1.00000000e+00  1.00000202e+00 -1.00000000e+00  3.00000000e+00]]
[[-2.       ]
 [-0.1856206]
 [-5.       ]
 [-4.       ]]
[[-5.0000000e+00 -1.8058951e-05 -5.0000000e+00  4.0000000e+00]]
[[0.1661558]]

4
0.7547169811320755
[[-3.00000000e+00 -9.99054527e-01  2.06994919e-40 -2.00000000e+00]
 [-4.00000000e+00 -4.99710711e+00 -1.00000000e+00 -4.00000000e+00]
 [-5.00000000e+00  1.38363232e-01 -2.00000000e+00 -3.00000000e+00]
 [ 4.00000000e+00  2.00320963e+00  4.00000000e+00  1.72733950e-66]
 [-4.00000000e+00  2.99999703e+00  3.00000000e+00  4.00000000e+00]]
[[-2.        ]
 [-2.07710012]
 [ 3.        ]
 [ 3.        ]]
[[ 4.         -1.00138398 -1.         -3.        ]]
[[0.22836851]]

4
0.7358490566037735
[[-3.99999903  2.         -3.00000536 -3.        ]
 [-0.99978987 -4.         -2.00019996  0.        ]
 [ 3.00006938 -3.          0.99948502  3.        ]
 [ 1.00000114  2.         -3.00001582 -5.        ]
 [-4.99999963  2.          1.99999711 -1.        ]]
[[ 3.24273075]
 [-5.        ]
 [-0.91581766]
 [-1.75430794]]
[[ 2.99999895 -3.          3.00000572 -3.        ]]
[[1.75430794]]

